485 3000
2535 596 3164 1525 4650 4877 2520 3238 162 459 2099 539 3880 1892 4165 2432 49 2512 2741 1117 894 3819 1717 2107 2261 2878 35 3921 2395 1126 
3847 3154 1907 3422 1532 359 578 592 1579 4633 2029 2409 4624 4625 3663 1127 968 363 4519 2726 3427 1396 1277 3174 507 2854 142 4195 2301 11 
196 3390 3240 4181 2719 3385 2928 4038 739 1639 4234 395 4527 2996 2228 1463 1431 3891 2145 2078 1788 2537 877 4112 4219 1720 2128 1039 3571 2485 
863 3157 49 3404 4676 951 2387 3912 1988 4915 665 1596 1856 665 987 586 4506 4893 98 4165 5029 4975 1301 2962 3639 3696 1395 751 2165 4764 
3868 681 2647 4759 3384 2814 1914 369 436 1065 2012 1428 4445 111 1535 3826 3006 348 2863 3329 1226 3047 291 2678 3633 1206 124 4480 1534 1667 
2274 4403 581 3281 2039 4590 867 1448 1452 1320 190 4871 2613 3840 1259 971 3289 3990 4402 1105 2882 2326 2749 3981 3630 2747 1961 2142 50 3527 
3754 2429 345 503 512 3455 1020 3288 4459 1793 1051 28 1423 1611 622 378 115 4648 3629 1291 3028 4535 83 357 4664 2279 3074 3521 198 2502 
4096 266 1086 1681 3978 2894 2236 2266 2949 2229 4731 2839 3209 2357 2514 2763 3882 3472 3612 1275 4612 397 2678 652 4468 1002 2874 1579 3542 178 
4466 3652 1225 2248 702 4025 1022 3511 2378 913 782 2313 3989 4587 3617 2961 813 4891 58 3998 2270 1697 4942 2288 2497 4872 4860 3324 1919 2917 
3181 4958 1230 3268 4724 3382 4960 1737 1647 1785 2348 695 1121 1572 441 4179 4925 4530 4613 1746 2252 1445 1409 1162 3469 1830 657 4893 4 91 
4166 4481 3419 3314 2850 4664 3099 2107 2364 4296 2814 1672 3801 1930 3066 1373 1849 2507 650 723 4880 2817 2169 2629 3842 3385 2391 118 3361 1584 
3248 2071 3190 2909 2644 3329 82 3811 1465 412 2894 2682 2472 4920 4055 1322 390 3602 424 1721 3233 4314 3437 1558 3093 2211 2391 3705 283 464 
4513 4573 714 2325 2817 2337 2837 4769 2464 2269 1324 3002 4299 3614 782 2639 1760 628 2428 2850 3496 2176 1154 403 365 2296 3492 1772 4909 4970 
2195 438 460 2903 4739 3735 392 2225 3012 233 1706 2001 192 2635 2777 4457 4950 4594 815 4120 4033 4083 1149 1560 51 3875 2008 4744 2121 1208 
544 3194 4116 2485 2124 2640 3621 1165 3562 895 3134 1059 3156 29 2515 3080 605 4076 2266 4950 3085 2164 351 2492 4632 785 4515 2927 250 1603 
725 628 427 1382 3014 3023 317 2634 3654 2977 212 844 3964 2353 2486 2052 2820 3487 1399 4338 2769 2733 3833 4158 834 2741 3418 1296 4491 5009 
668 203 2623 555 152 4570 2667 4404 1762 4230 806 4580 3512 3878 848 3507 3308 1706 72 4378 3876 689 149 1590 3130 4996 369 2036 115 970 
216 177 536 2536 2142 3061 4563 1316 866 1463 4079 1843 4066 3134 3035 811 3703 3584 3184 926 1016 2807 2951 2336 2822 5000 4448 827 3651 3422 
1958 582 1947 2536 2329 4144 1899 3839 2071 2473 4762 2524 2994 4213 4012 3157 334 564 4504 3506 2824 1545 3458 1288 2594 2939 881 2706 2402 3703 
2889 388 2910 1262 4994 4152 3289 4766 1763 1179 3773 750 2261 1309 631 2532 2725 3753 3638 1518 1541 1770 1470 4334 4113 4200 365 4510 766 2944 
1523 522 2902 312 1562 3384 3225 2633 3715 2015 513 1068 1551 3034 745 1939 385 1135 4314 2667 4512 4973 3741 2896 3597 704 3564 3191 84 3533 
4846 1863 3314 2906 4542 3169 1600 3953 2234 216 3617 2724 4344 4455 4136 3515 4563 3017 1319 2274 3138 408 2007 1868 96 234 1857 63 2399 3600 
4520 1802 3948 4607 902 3356 2107 3285 3493 3731 4671 1143 625 1090 641 549 4802 1230 4537 1442 4365 842 71 2339 3746 3274 5010 791 1172 4871 
226 2311 4471 2934 1355 3933 4507 2485 488 4637 2737 1402 4403 159 3388 2779 495 568 3990 4063 3984 4681 4199 4030 2405 3262 934 341 1256 1561 
4899 431 3872 1704 2649 3686 313 4470 4926 1856 1679 2727 3219 597 1166 474 1192 3475 1861 3487 723 2080 4356 3647 683 3212 2620 2030 4259 1718 
3548 4512 1965 1845 696 123 1526 2531 4661 1535 1957 4417 3629 1299 2505 955 3019 858 1084 650 2283 268 1181 2147 2775 209 883 4626 188 1077 
82 4415 4593 1494 3792 1993 3276 3169 112 3880 2091 1762 4490 2857 2905 395 2514 2761 1005 4694 138 2269 393 4070 4107 891 3691 1573 3351 151 
102 1783 3764 71 2760 3343 2674 2575 4263 2008 1610 3520 3131 4684 144 2902 3942 3488 2534 2559 604 4940 704 3926 4906 900 628 4285 4269 3304 
2782 1542 3901 25 2432 4220 1807 2647 69 1389 4194 2049 459 4106 1879 2755 551 322 2244 4406 1039 3553 451 2584 4056 4455 3591 200 2434 1667 
3735 1676 3461 2060 496 2160 2899 1524 2464 375 13 1240 4162 3971 51 1311 4277 2346 2437 2089 2805 4817 3170 3286 833 1111 3038 996 432 4690 
972 1694 3087 180 3304 4121 1981 3585 3762 4559 2757 35 1336 4101 4053 3283 4687 4014 4719 2178 1554 93 1768 1034 4058 1638 5 2705 780 4124 
1969 1611 487 3900 1594 3611 1973 899 4308 1033 4165 961 3580 2743 463 1349 2225 1173 3283 5010 1063 3435 3428 663 1247 1372 2295 1618 366 271 
1241 406 3171 3080 2542 2020 4897 1297 3807 2804 446 4889 504 2674 375 413 1606 170 892 3834 1257 458 4147 942 2185 3053 1130 2066 1633 3405 
2945 650 257 2559 568 4270 4741 4231 3109 2060 1338 3101 51 3104 4133 4504 4330 3847 4688 1904 3044 3712 2928 4205 371 2180 3618 2069 1220 4059 
290 3940 4623 691 2336 4862 2457 2354 1488 2394 384 1399 2253 569 3104 4183 1763 1240 1402 1543 220 3648 2989 4817 1618 4145 1191 2036 1088 2786 
2088 2651 4907 4239 1041 1125 4219 2049 2331 4120 4673 456 954 2933 2335 1994 1463 2694 3484 3215 4124 1842 3698 2848 2137 1161 2355 81 780 2727 
1442 2154 84 3014 3458 977 3737 3405 4671 1837 4356 2408 1108 3029 2920 4031 1272 2098 1395 2210 2453 1597 2483 4847 1108 637 3088 3622 2207 1707 
2608 1262 3398 4970 2927 307 2850 1572 4752 2416 1498 3051 3417 4860 2953 428 4848 2388 3459 920 4320 2420 4527 4898 2378 3649 1009 1290 2634 2694 
2907 4234 1702 1090 4825 5019 2039 3928 1067 336 3391 1000 2966 1494 773 788 557 783 2896 654 136 2027 4101 2565 4900 2137 219 2621 3267 1901 
3055 1813 4579 4186 3598 816 30 2313 4957 1829 2602 3487 992 2510 807 4479 3128 28 3169 1411 1724 2460 2944 396 159 1876 4698 4025 2239 2457 
794 643 207 1067 3847 2735 3558 1370 3735 4044 2165 19 2047 2185 2941 258 3041 4256 3432 2176 5000 4624 4104 3674 4123 3681 2380 1539 2005 4298 
1163 418 849 416 1214 4917 2782 8 64 33 2789 1276 4951 2543 1357 2226 1522 2616 3867 1697 4497 424 1238 1535 552 278 3891 1852 4612 4998 
4549 2589 3585 1680 1871 3470 4152 75 549 3704 2436 2482 1437 3728 171 2106 2378 956 720 1644 4782 3414 414 489 454 2914 3425 1182 3335 4211 
3930 314 4589 4704 4215 4453 961 2594 2623 2772 1468 1057 4615 317 4830 1913 3760 3320 2777 345 2970 1697 3240 2263 332 1898 279 2655 2492 4983 
4931 2784 3601 2715 1289 3298 2755 3118 450 1890 3066 4387 3841 4430 2803 3640 4694 20 2331 2441 492 1232 3012 2877 1258 1075 418 773 2628 4496 
572 726 2768 2093 2196 3492 2842 4219 3545 4548 701 4065 3663 3167 3838 1453 4509 4443 2131 3959 4982 48 4871 2981 58 1253 1809 1370 2667 644 
748 4854 4299 4420 3530 1635 2116 602 117 4588 1919 3705 3757 4243 1433 1493 1316 2579 2081 237 1665 535 3762 130 4049 2240 1941 1663 991 2094 
4133 773 1289 512 1737 865 2656 2951 916 3663 2097 511 2997 1180 2534 418 413 2116 2268 160 4093 3397 347 2729 3302 2593 3982 1588 4644 1454 
3399 2534 3463 2813 130 1650 861 1561 4741 2850 1545 4608 3904 1616 4617 2333 1271 872 12 4999 2926 3492 2148 1212 1530 3686 3830 2201 438 1382 
334 839 1073 2356 4759 2941 2024 1045 1124 2617 4419 2095 3361 1712 205 1255 859 1315 4373 4711 1741 2610 1068 607 4736 4867 4223 2830 1926 3779 
490 2813 4465 934 1248 3886 2143 4511 4864 2155 3682 4049 3579 2384 3169 4587 3260 1193 2648 428 906 596 2915 2281 2822 2878 3651 3075 4223 3892 
3691 3032 1044 4706 1460 572 1665 4470 2585 1526 4088 85 1255 551 2349 4907 2546 161 2110 4164 2478 3140 415 1759 4701 1312 1668 3405 4862 4664 
3387 1347 3878 1862 2539 2552 287 4360 2795 1328 4310 2011 1218 4245 106 4737 3333 46 3673 156 3027 4111 3387 3526 1553 3947 3248 3748 1193 4079 
4589 2939 759 481 2078 4454 697 2400 4883 3781 340 2904 370 508 573 4998 543 740 664 641 3413 4082 4879 3149 999 3826 1579 1378 3074 4900 
1098 4277 1451 3160 2380 1310 515 3731 373 1892 1894 1126 2160 2632 2543 333 3080 3680 1292 3265 2537 1829 4514 686 3244 2006 1391 2816 4 3446 
3113 623 3761 4829 4450 4068 3123 2883 1589 2909 3552 751 763 4465 2248 4398 2418 4717 3689 3540 4602 2290 1757 1844 4557 1555 2343 2658 292 2377 
1831 163 4650 571 3641 2041 1814 1885 2982 1126 3810 976 1138 3050 3881 944 1004 1741 1956 2468 1356 4175 4849 2058 420 1325 2778 3519 3851 1336 
815 1097 3306 1931 939 326 3314 2342 962 2315 4498 3111 5019 4720 3649 308 3321 1244 1659 4962 65 4656 970 4785 4588 3980 2285 3497 1911 1907 
4927 1494 245 4802 3214 1661 1906 2770 2827 498 740 943 1567 1272 2991 887 2176 4331 4492 566 4983 2923 99 4761 423 3535 4300 296 1931 3446 
3874 4383 3969 2030 1024 1689 2655 1522 1310 1579 1298 2420 166 2192 2849 3822 3679 3098 4710 2446 2071 2540 2490 759 2834 890 453 4828 4698 1963 
958 480 425 4163 2616 4454 1718 1144 1174 1628 1430 2079 3629 1571 482 267 973 1322 3205 1794 2695 445 4676 1408 256 2939 2406 2704 4814 366 
1302 404 1171 1144 3993 2135 3859 381 1525 1378 2272 1772 1390 561 2160 1842 1695 942 1138 947 4435 1370 1380 2559 538 2574 2516 4073 3459 3910 
1906 2807 4483 17 4976 3868 4973 1111 1796 3839 2311 4640 1325 3814 4105 819 4788 929 614 4272 3305 3498 1469 1209 2825 4846 1261 4184 2046 4608 
4150 1594 2624 2069 4869 4187 4316 3793 3174 3481 4135 1400 920 346 3304 3205 4751 1701 1472 3777 3535 1688 114 4083 1179 38 1582 3471 2267 4025 
3414 2662 921 919 1904 4644 755 2296 3259 3973 4640 2116 1861 1726 1553 1276 4027 4973 4064 247 2648 2458 4575 2134 1897 3591 3095 2158 4957 2414 
548 3020 1887 1205 4445 3072 3394 1787 3195 1104 959 1661 245 2852 2677 4822 4453 3722 2057 432 899 3310 4928 3531 479 1537 717 4910 4821 3270 
3247 793 1951 4869 4202 4819 3143 807 1276 2169 4683 4709 1376 287 1860 4843 419 1258 4870 3244 4691 3930 133 3675 3263 796 4882 3663 3273 1800 
4506 2586 1449 3590 1302 4170 3364 4403 1310 3742 2334 3067 3439 3496 638 4825 411 3557 2256 2763 1587 4845 221 3001 4708 4949 1426 107 122 4671 
3323 4827 487 78 3973 2340 55 3246 2058 1164 4394 1746 2284 2043 1542 3436 1222 1511 4344 2012 4139 4385 4727 4569 2065 3656 2306 2835 2877 2720 
4582 3556 1198 1539 1875 4999 58 3747 3060 2817 3345 4994 914 4763 130 1100 2475 1892 4982 1132 2797 4135 3417 3174 1861 613 1468 486 4187 423 
1292 4325 3509 2291 4508 3598 2439 3074 3274 1479 3307 3655 1833 4856 2845 4601 2144 1743 685 1367 4553 2860 4794 3044 688 2351 1671 874 494 1273 
3548 2484 1083 3858 2698 1134 3667 372 3222 4955 110 3791 2615 699 4480 3622 4881 3752 1403 1404 1681 1670 204 1650 2951 557 3584 1477 2458 1690 
659 1952 609 1858 698 2532 3788 3165 118 889 332 1620 2943 3054 1678 2981 2521 3252 18 1990 3721 488 2132 2059 12 2742 3307 1266 3528 4132 
678 3176 2830 1661 4969 1801 740 53 4808 940 3701 2847 3438 4672 4898 3617 1440 4276 1236 2580 2847 3325 2273 2920 4631 3692 3281 4788 3985 2937 
927 2520 4206 383 1914 3222 2811 30 1498 4396 1483 16 267 2340 3300 3913 2415 3217 4656 2376 2635 1572 1545 356 895 3939 4804 1603 2972 1896 
1978 4113 3815 1757 3539 4463 1074 3023 2194 2059 4236 4895 1874 24 232 771 4739 4285 1459 4704 4545 1135 1550 4922 4175 4433 3227 205 3976 2483 
2937 1940 1598 804 2078 2858 1303 108 3444 2268 4222 1090 260 4272 4002 1052 2928 1147 2017 2853 3787 1384 1395 1357 2806 44 271 2207 4848 1438 
4394 2470 1492 87 15 1240 2346 4334 3401 4537 2767 531 2003 458 1148 1292 219 1830 1268 3203 3511 2757 4609 2490 2578 3428 4914 1202 78 2948 
5011 2305 3993 3480 4585 2253 3953 2485 2564 3847 1617 580 2803 2279 4696 2874 3400 3982 2347 2453 312 3971 1976 888 2398 5018 2577 3798 3873 2065 
1779 3409 1176 3327 894 4166 1577 2817 3145 2241 974 344 2962 2011 2390 6 858 888 770 4808 4904 1031 1317 4970 1444 3268 252 1879 957 4664 
2226 1973 3951 116 4173 1112 3793 1385 3586 2000 4972 2301 4664 4892 2077 1772 1053 4032 2171 4168 880 2201 2265 4944 2445 2793 2467 1796 4572 1127 
425 4095 332 3402 4293 457 834 2027 3574 856 1147 3268 265 868 625 4831 1991 362 3592 3120 3398 3843 3375 1153 4300 2749 466 4678 808 2988 
188 3548 1800 3701 858 1304 2820 2163 2948 2121 4971 148 489 4866 3256 5004 3487 174 4862 808 610 4814 959 3682 3364 2206 1004 1008 2742 1225 
1615 3744 4409 4812 1962 796 5001 4224 718 3284 2067 3419 1811 1443 4994 2136 4315 4308 2571 852 1543 3785 1753 2318 2266 4608 1018 4243 4930 1542 
1833 1604 1326 3568 2677 2155 2688 3669 3876 1355 4029 2581 236 3272 2722 2436 3543 874 3898 4934 26 4193 1990 1579 2832 833 419 2964 2977 4909 
454 4265 1761 57 1150 2857 4692 3874 3003 3491 1596 1942 3877 2532 3965 4129 449 3102 2106 1393 1288 4109 4514 4015 2636 3201 4708 1930 909 1069 
4162 4254 470 3399 307 2921 4785 4485 2125 2535 3324 913 404 3629 3570 1147 2388 670 2032 4727 2194 2284 2786 4638 1408 4745 2434 1806 758 1490 
3963 130 1432 3703 682 4739 4395 2906 538 4359 2962 3221 322 3274 1579 1372 4267 4224 2370 4115 883 1564 3732 372 2363 1141 157 4712 3807 3009 
2754 4861 2228 1990 2535 3565 2959 983 996 881 4604 2711 1115 1228 4354 1848 4298 4094 4031 1767 1450 2175 4938 1810 1046 1782 2695 1645 513 1007 
3552 2316 961 2697 1441 4425 192 2245 4901 3592 2804 3732 2606 3036 2933 4248 3633 2711 835 617 4071 231 4127 4534 4916 4623 4847 3508 4479 4707 
4449 2511 2684 639 3231 4675 2180 4816 3219 2277 1856 1949 789 1798 3235 2238 4071 4750 677 1039 4703 2939 482 3487 4925 1885 1500 4224 1379 349 
4451 4493 4899 3621 255 541 3873 1787 1736 1291 3897 2611 4754 2412 4167 2085 1413 1951 2776 4496 1228 3835 404 1446 4660 4169 17 1073 3175 3676 
920 5013 3964 2628 353 2689 2556 3617 1687 3546 3913 904 3733 592 724 3371 574 954 5 4104 2373 57 3737 2960 4004 356 871 2643 3782 1141 
3490 1915 4618 879 3359 690 2032 4345 1729 2464 4591 2200 4241 1886 3142 1749 1338 963 3923 3560 2594 4943 2025 4593 3933 1694 703 2483 448 1617 
358 3556 3822 339 1414 3368 3274 2126 2727 2461 4988 2025 4554 3013 844 1215 1580 2110 366 1589 2607 3672 2786 4889 3345 2078 710 3624 2866 2329 
1500 1610 2807 625 3419 4586 2954 2200 436 1321 4782 1967 232 1571 2873 1587 3024 1401 3399 1528 3904 810 1949 3159 4988 4962 1695 1496 3073 2653 
4911 439 1985 4225 1751 5024 3678 2524 1908 548 1124 3633 3629 4871 4482 2556 2564 2235 2935 2116 987 4178 1939 1835 2285 420 2296 2185 1369 2253 
3967 4969 131 2227 679 2686 3405 2931 2800 33 1481 3750 1276 4139 1563 3639 1925 2446 3825 2060 1367 86 630 2588 4615 1440 4398 557 2889 4532 
2301 4870 258 4428 3169 2032 2701 4380 3140 1888 3621 3780 4170 3506 4872 2483 3477 1649 3078 1608 1849 2621 3434 1512 116 1020 3062 857 4365 4264 
308 1530 647 4929 3464 2640 2263 4755 4292 364 2116 2120 3788 3475 4841 3466 1535 2454 4420 1489 2542 1167 2987 4591 3092 703 539 3573 3252 3741 
