500 
117 330 
323 106 
845 1274 
1049 658 
621 932 
84 651 
53 926 
713 612 
530 365 
62 754 
674 849 
856 662 
142 538 
686 1137 
333 394 
1134 806 
145 710 
495 421 
460 441 
823 242 
359 381 
786 1087 
1019 1081 
1146 574 
206 1090 
835 1229 
917 759 
1033 1254 
551 742 
239 248 
788 1293 
298 916 
1077 633 
454 983 
357 293 
1075 239 
735 575 
554 688 
1110 435 
520 836 
576 422 
32 175 
1133 106 
25 445 
1085 301 
580 595 
1285 289 
899 542 
755 9 
1003 1194 
1298 978 
966 1102 
708 1131 
897 1116 
101 1067 
757 616 
259 970 
1148 299 
886 982 
705 102 
244 778 
489 862 
112 1263 
456 956 
941 29 
309 29 
248 1062 
862 1188 
1037 129 
548 292 
716 918 
226 162 
522 101 
160 521 
208 1070 
720 179 
23 285 
849 1014 
564 450 
1110 533 
1197 638 
599 1033 
429 177 
1201 396 
102 266 
145 206 
432 426 
574 1008 
1207 191 
417 23 
943 1210 
929 947 
1179 717 
948 1217 
500 688 
426 944 
463 443 
733 1125 
388 685 
1014 277 
407 844 
60 79 
500 806 
1272 802 
1226 1163 
701 168 
733 539 
358 465 
650 231 
464 1076 
246 623 
921 1205 
1144 536 
740 1 
163 1111 
727 1069 
666 1042 
1259 1270 
252 280 
1177 421 
421 1185 
1265 1135 
354 775 
1170 165 
1121 829 
221 298 
1255 794 
183 1018 
182 855 
216 842 
395 853 
858 574 
1037 696 
522 1272 
1180 566 
519 1165 
652 489 
869 339 
321 594 
935 736 
1157 1198 
933 331 
916 1234 
873 1163 
571 878 
831 964 
163 1216 
59 3 
347 508 
749 131 
505 1158 
1047 1118 
835 24 
1017 248 
167 1276 
826 769 
1017 422 
283 276 
1280 661 
994 320 
777 1061 
779 774 
706 1037 
409 989 
1135 725 
735 918 
905 1215 
1212 630 
497 505 
152 34 
765 1208 
590 1188 
632 1173 
538 287 
901 215 
709 515 
194 405 
284 599 
101 1152 
908 209 
444 1274 
1014 253 
184 932 
411 1026 
702 1291 
1113 836 
537 650 
667 666 
369 18 
177 564 
1196 720 
822 335 
1099 182 
654 1051 
942 264 
56 495 
941 495 
1098 253 
360 1044 
533 804 
1174 811 
1003 1051 
820 681 
1071 629 
1148 784 
290 1252 
77 993 
1187 788 
852 661 
1048 597 
1247 665 
585 1106 
948 28 
52 373 
925 397 
111 1219 
951 209 
759 304 
571 912 
383 90 
1035 1248 
1243 1033 
105 656 
1008 153 
80 935 
1231 727 
24 547 
803 1171 
730 236 
677 71 
287 799 
541 438 
190 174 
139 621 
373 120 
2 534 
881 1241 
1216 666 
340 890 
820 554 
1044 311 
621 636 
565 182 
196 1159 
235 293 
341 1246 
6 192 
596 949 
126 148 
988 85 
398 310 
541 408 
246 906 
46 1198 
396 1249 
1232 105 
690 885 
1213 450 
1131 866 
1105 1232 
251 906 
56 444 
222 883 
237 278 
518 586 
761 1210 
440 921 
1138 1243 
356 549 
569 904 
410 613 
1282 529 
1029 968 
174 654 
870 715 
609 980 
1018 690 
306 337 
154 1102 
660 530 
152 1051 
82 158 
250 1191 
1046 797 
1017 1199 
387 119 
37 312 
409 501 
800 647 
82 1280 
1249 532 
321 987 
993 175 
620 497 
697 1191 
1089 531 
1303 757 
395 762 
745 711 
475 765 
186 14 
626 1271 
400 1297 
526 1064 
574 559 
443 951 
1177 135 
1012 1176 
57 333 
691 177 
881 877 
874 1263 
892 882 
911 345 
333 155 
639 791 
638 1088 
45 102 
19 1082 
1291 890 
1203 1214 
1224 857 
254 1191 
649 1041 
12 879 
729 1249 
463 208 
1119 1161 
230 1189 
608 679 
88 578 
162 55 
344 750 
429 801 
848 241 
244 290 
584 30 
257 854 
1102 491 
523 11 
673 304 
1113 1153 
365 160 
10 1086 
276 732 
93 597 
496 736 
1109 301 
257 144 
23 251 
359 972 
1177 607 
706 1147 
932 533 
774 1244 
739 1130 
628 671 
827 1035 
162 488 
893 698 
1053 1061 
514 907 
528 12 
1076 893 
794 1094 
470 379 
1174 431 
1182 1140 
385 1220 
550 1301 
51 772 
1053 1299 
701 49 
1066 551 
562 807 
893 672 
109 636 
932 819 
443 997 
1179 702 
1026 737 
95 178 
850 587 
792 401 
1060 458 
205 694 
142 342 
501 281 
1289 58 
686 378 
750 228 
950 1290 
998 1278 
534 323 
893 32 
1201 1110 
1054 1157 
1007 346 
62 882 
262 705 
251 425 
520 819 
1020 440 
1210 745 
584 142 
146 165 
1205 114 
888 347 
116 790 
1210 673 
86 1263 
901 1166 
1142 994 
969 130 
555 770 
1208 881 
1228 635 
203 1090 
1081 150 
229 577 
998 458 
926 32 
18 893 
743 931 
297 743 
721 1231 
253 486 
143 271 
740 12 
412 680 
644 712 
1074 544 
737 884 
481 1051 
426 513 
589 78 
1279 691 
42 1082 
862 1119 
507 614 
896 298 
1055 1271 
271 397 
877 865 
53 113 
829 796 
1252 13 
101 527 
1278 604 
757 691 
1132 1176 
1073 615 
1090 275 
113 725 
625 269 
1038 1240 
917 1156 
1287 1176 
22 384 
1196 1068 
1024 773 
205 815 
1180 437 
111 140 
1002 312 
795 1222 
329 325 
860 505 
1098 106 
925 1009 
657 362 
947 225 
1286 553 
1001 386 
186 332 
1093 212 
135 467 
649 943 
1277 1265 
1193 1261 
1134 132 
713 403 
1217 822 
340 249 
568 867 
456 419 
675 69 
1139 1008 
947 975 
784 195 
1020 18 
124 610 
19 544 
254 699 
211 995 
423 543 
924 215 
1075 309 
759 1140 
1067 850 
